../../../../../.git/annex/objects/8K/64/MD5E-s5084846--5b9346cc9bd8e2a65133c549948112d4.tsv/MD5E-s5084846--5b9346cc9bd8e2a65133c549948112d4.tsv